6197539003
7067273808
6197539003
6197539003
6197539003
7067273808
6197539003
7067273808
6818330771
6197539003
7067273808
6197539003
6197539003
6197539003
7067273808
6197539003
6197539003
6197539003
7104877247
7013102364
7013102364
5183152929
5747828148
6197539003
1519557785
6548872950
6627802997
7836648325
8158448294
6197539003
7067273808
6818330771
7494583170
7011013452
6905379794
1826424859
1826424859
6185852152
8052125291
7627114343
7627114343
5859634086
5923158016
5583984721
872792625
7166022106
7899759495
6659858896
6881967036
7973892455
7177618478
7147023405
7480013697
8011361133
7507087469
6373147619
7162124658
6277009602
6277009602
5582897957
7593840240
7884029906
8002567614
7477765095
6999108632
7567536493
7400667924
7428088826
1107505639
7141329299
6482023141
5307338760
5832986308
5997959892
6765091656
7609955449
1964684738
7885340146
7885340146
6548396671
7043137219
6124051753
5886660094
6329108021
7067273808
7483230030
6381129104
7349209981
5781720706
7009010836
1356505437
2048444290
7334094133
7135814656
6474412246
6647186599
371422142
6485307692
8058112939
5506528879
7267300620
7910974703
7366479589
6038276403
478872904
5918259616
7511884676
6914994586
6011480930
6178736592
6860698089
1794064660
7699122004
7195688735
5984482435
7695539621
7116850909
6341603597
7695344074
5922011493
5972360139
7051448292
7966029663
6950253332
215837366
6706481524
8043040775
6367647253
8192706752
6810113429
5583503635
552433710
6655885561
6104566505
7636662084
7153014749
7067273808
7362365550
6471480451
7916358850
7503083683
6853163686
7269496477
7835537647
7954485935
6663074647
703164033
7347540994
6642955414
6673309369
7888227972
7262134649
7262134649
8124671578
8124671578
6881967036
6881967036
6105651497
6105651497
7013102364
7013102364
7013102364
6104566505
6104566505
7366570007
7067273808
1033209035
7744822435
6277009602
6277009602
6277009602
6746668988
6273623591
1993729962
2054011742
5114345606
7067273808
7013102364
6197539003
7830050840
7652616150
6818330771
6818330771
6197539003
5311745062
7013102364
7013102364
7067273808
7067273808
6197539003
6197539003
7567536493
